DESERT_EAGLE : 230 : 2.000000 : 72.230003 : 48.099998 : 72.230003 : 48.099998 : 230 : 2.000000
DUAL_BERETTA : 240 : 2.000000 : 11.160000 : 17.850000 : 11.960000 : 17.850000 : 240 : 2.000000
FIVE_SEVEN : 240 : 2.000000 : 25 : 40 : 32.450001 : 13.410000 : 240 : 2.000000
GLOCK : 240 : 2.000000 : 56.000000 : 10.000000 : 45.000000 : 12.950000 : 240 : 15.000000
P2000 : 240 : 2.000000 : 50.000000 : 13.000000 : 13.150000 : 13.870000 : 240 : 1.500000
P250 : 240 : 2.000000 : 52.450001 : 20 : 52.450001 : 13.410000 : 240 : 2.000000
CZ75A : 240 : 3.000000 : 35.000000 : 13.410000 : 25.000000 : 13.410000 : 240 : 3.000000
TEC9 : 240 : 2.000000 : 45 : 3.810000 : 36.880001 : 3.810000 : 240 : 1.800000
PP_BIZON : 240 : 1 : 2.880000 : 27.570000 : 2.880000 : 27.570000 : 240 : 1
MAC10 : 240 : 0.600000 : 4.760000 : 13.990000 : 4.760000 : 13.990000 : 240 : 0.600000
MP7 : 220 : 0.600000 : 2.180000 : 19.860001 : 2.180000 : 19.860001 : 220 : 0.600000
MP5SD : 235 : 0.600000 : 2.180000 : 30 : 2.180000 : 19.860001 : 220 : 0.600000
MP9 : 240 : 0.600000 : 3.700000 : 29.040001 : 3.700000 : 29.040001 : 240 : 0.600000
P90 : 230 : 1.000000 : 2.850000 : 31 : 2.850000 : 31 : 230 : 1.000000
UMP45 : 230 : 1.000000 : 3.420000 : 28.760000 : 3.420000 : 28.760000 : 230 : 1.000000
AK47 : 215 : 0.600000 : 7.800000 : 175.059998 : 7.800000 : 175.059998 : 215 : 0.600000
AUG : 220 : 0.500000 : 7.290000 : 135.449997 : 7.290000 : 105.449997 : 150 : 0.300000
FAMAS : 220 : 0.600000 : 6.050000 : 99.339996 : 3.350000 : 99.339996 : 220 : 0.600000
GALILAR : 215 : 0.600000 : 7.000000 : 123.559998 : 5.850000 : 106.519997 : 215 : 0.600000
M4A4 : 225 : 0.600000 : 7.000000 : 137.880005 : 6.340000 : 122.000000 : 225 : 0.450000
SG553 : 210 : 0.600000 : 7.950000 : 136.009995 : 9.200000 : 136.009995 : 150 : 0.300000
AWP : 200 : 0.200000 : 53.849998 : 176.479996 : 53.849998 : 176.479996 : 100 : 0.200000
G3SG1 : 215 : 0.300000 : 18.610001 : 150.479996 : 18.610001 : 150.479996 : 120 : 0.300000
SCAR20 : 215 : 0.300000 : 18.610001 : 150.479996 : 18.610001 : 150.479996 : 120 : 0.300000
SSG08 : 230 : 0.280000 : 22.920000 : 123.449997 : 22.920000 : 123.449997 : 230 : 0.230000
MAG7 : 225 : 40.000000 : 11.190000 : 15.990000 : 11.190000 : 15.990000 : 225 : 40.000000
NOVA : 220 : 40.000000 : 9.720000 : 36.750000 : 9.720000 : 36.750000 : 220 : 40.000000
SAWED_OFF : 210 : 62.000000 : 9.720000 : 16.799999 : 9.720000 : 16.799999 : 210 : 62.000000
XM1014 : 215 : 38.000000 : 8.830000 : 36.029999 : 8.830000 : 36.029999 : 215 : 38.000000
M249 : 195 : 2.000000 : 3.560000 : 156.250000 : 3.560000 : 156.250000 : 195 : 2.000000
NEGEV : 150 : 2 : 30.000000 : 159.139999 : 3.370000 : 159.139999 : 150 : 2
M4A1_SILENCER : 225 : 0.600000 : 12.000000 : 92.879997 : 7.000000 : 122.000000 : 225 : 0.500000
USP_SILENCER : 240 : 2.500000 : 71.000000 : 13.870000 : 52.000000 : 13.870000 : 240 : 1.500000
R8_REVOLVER : 180 : 0.520000 : 50.000000 : 6.500000 : 55.000000 : 36.000000 : 220 : 68.000000
TASER : 220 : 2.000000 : 22.120001 : 1.000000 : 22.120001 : 1.000000 : 220 : 2.000000